750,4
750,3
750,2
750,1
750,0
749,3
749,2
749,1
749,0
748,3
748,2
748,1
748,0
747,4
747,3
747,2
747,1
747,0
746,4
746,3
746,2
746,1
746,0
745,6
745,5
745,4
745,3
745,2
745,1
745,0
744,6
744,5
744,4
744,3
744,2
744,1
744,0
743,6
743,5
743,4
743,3
743,2
743,1
743,0
742,4
742,3
742,2
742,1
742,0
741,3
741,2
741,1
741,0
740,3
740,2
740,1
740,0
739,4
739,3
739,2
739,1
739,0
738,4
738,3
738,2
738,1
738,0
737,4
737,3
737,2
737,1
737,0
736,4
736,3
736,2
736,1
736,0
735,4
735,3
735,2
735,1
735,0
734,4
734,3
734,2
734,1
734,0
733,4
733,3
733,2
733,1
733,0
732,3
732,2
732,1
732,0
731,4
731,3
731,2
731,1
731,0
730,3
730,2
730,1
730,0
729,3
729,2
729,1
729,0
728,5
728,4
728,3
728,2
728,1
728,0
727,3
727,2
727,1
727,0
726,4
726,3
726,2
726,1
726,0
725,3
725,2
725,1
725,0
724,4
724,3
724,2
724,1
724,0
723,3
723,2
723,1
723,0
722,3
722,2
722,1
722,0
721,4
721,3
721,2
721,1
721,0
720,4
720,3
720,2
720,1
720,0
719,6
719,5
719,4
719,3
719,2
719,1
719,0
718,6
718,5
718,4
718,3
718,2
718,1
718,0
717,6
717,5
717,4
717,3
717,2
717,1
717,0
716,4
716,3
716,2
716,1
716,0
715,3
715,2
715,1
715,0
714,3
714,2
714,1
714,0
713,4
713,3
713,2
713,1
713,0
712,4
712,3
712,2
712,1
712,0
711,4
711,3
711,2
711,1
711,0
710,4
710,3
710,2
710,1
710,0
709,4
709,3
709,2
709,1
709,0
708,4
708,3
708,2
708,1
708,0
707,4
707,3
707,2
707,1
707,0
706,3
706,2
706,1
706,0
705,4
705,3
705,2
705,1
705,0
704,3
704,2
704,1
704,0
703,3
703,2
703,1
703,0
702,5
702,4
702,3
702,2
702,1
702,0
701,3
701,2
701,1
701,0
700,4
700,3
700,2
700,1
700,0
699,3
699,2
699,1
699,0
698,4
698,3
698,2
698,1
698,0
697,4
697,3
697,2
697,1
697,0
696,6
696,5
696,4
696,3
696,2
696,1
696,0
695,6
695,5
695,4
695,3
695,2
695,1
695,0
694,6
694,5
694,4
694,3
694,2
694,1
694,0
693,4
693,3
693,2
693,1
693,0
692,3
692,2
692,1
692,0
691,3
691,2
691,1
691,0
690,4
690,3
690,2
690,1
690,0
689,4
689,3
689,2
689,1
689,0
688,4
688,3
688,2
688,1
688,0
687,4
687,3
687,2
687,1
687,0
686,4
686,3
686,2
686,1
686,0
685,4
685,3
685,2
685,1
685,0
684,4
684,3
684,2
684,1
684,0
683,3
683,2
683,1
683,0
682,4
682,3
682,2
682,1
682,0
681,3
681,2
681,1
681,0
680,3
680,2
680,1
680,0
679,5
679,4
679,3
679,2
679,1
679,0
678,3
678,2
678,1
678,0
677,4
677,3
677,2
677,1
677,0
676,3
676,2
676,1
676,0
675,4
675,3
675,2
675,1
675,0
674,4
674,3
674,2
674,1
674,0
673,6
673,5
673,4
673,3
673,2
673,1
673,0
672,6
672,5
672,4
672,3
672,2
672,1
672,0
671,6
671,5
671,4
671,3
671,2
671,1
671,0
670,4
670,3
670,2
670,1
670,0
669,3
669,2
669,1
669,0
668,3
668,2
668,1
668,0
667,4
667,3
667,2
667,1
667,0
666,4
666,3
666,2
666,1
666,0
665,4
665,3
665,2
665,1
665,0
664,4
664,3
664,2
664,1
664,0
663,4
663,3
663,2
663,1
663,0
662,4
662,3
662,2
662,1
662,0
661,4
661,3
661,2
661,1
661,0
660,3
660,2
660,1
660,0
659,4
659,3
659,2
659,1
659,0
658,3
658,2
658,1
658,0
657,3
657,2
657,1
657,0
656,5
656,4
656,3
656,2
656,1
656,0
655,3
655,2
655,1
655,0
654,4
654,3
654,2
654,1
654,0
653,3
653,2
653,1
653,0
0,310
0,305
0,308
0,307
0,302
0,304
0,303
0,12
0,10
0,8
0,0
0,416
0,433
0,300
0,414
0,413
0,299
0,457
0,495
0,298
0,564
0,412
0,297
0,445
0,411
0,296
0,511
0,410
0,295
0,544
0,493
0,294
0,473
0,409
0,293
0,492
0,376
0,292
0,522
0,440
0,291
0,434
0,405
0,290
0,521
0,289
0,538
0,570
0,288
0,404
0,287
0,399
0,403
0,286
0,537
0,402
0,285
0,489
0,375
0,284
0,488
0,485
0,283
0,487
0,553
0,282
0,398
0,477
0,281
0,518
0,396
0,280
0,464
0,394
0,279
0,393
0,395
0,278
0,391
0,401
0,277
0,575
0,388
0,276
0,509
0,517
0,275
0,545
0,387
0,274
0,400
0,386
0,273
0,561
0,385
0,272
0,483
0,560
0,271
0,392
0,384
0,270
0,536
0,478
0,269
0,535
0,432
0,268
0,423
0,381
0,267
0,383
0,480
0,266
0,534
0,514
0,265
0,417
0,380
0,264
0,470
0,379
0,263
0,513
0,378
0,262
0,476
0,429
0,261
0,421
0,377
0,260
0,533
0,512
0,259
0,474
0,491
0,258
0,344
0,374
0,257
0,554
0,462
0,256
0,566
0,420
0,255
0,557
0,373
0,254
0,486
0,372
0,253
0,479
0,371
0,252
0,532
0,469
0,251
0,435
0,370
0,250
0,467
0,559
0,249
0,531
0,248
0,461
0,367
0,247
0,530
0,503
0,246
0,529
0,520
0,245
0,366
0,244
0,541
0,365
0,242
0,364
0,241
0,368
0,363
0,240
0,563
0,472
0,345
628,3
0,351
0,360
0,408
0,494
0,500
0,508
0,510
0,546
0,548
0,558
0,567
0,573
3,0
3,3
625,1
625,2
627,0
627,1
627,3
628,4
629,0
629,2
629,3
630,1
630,2
631,0
631,2
631,3
632,0
632,1
632,3
633,1
633,2
633,4
634,0
634,2
634,4
635,0
635,2
635,3
637,0
637,1
637,3
639,0
639,1
639,3
639,4
642,1
642,3
642,4
645,1
645,2
645,4
645,5
647,0
647,2
647,3
648,0
648,1
648,3
649,1
649,2
650,0
650,1
650,3
651,0
651,2
652,0
652,1
652,3
652,2
651,3
651,1
650,2
649,3
649,0
648,2
647,4
647,1
645,6
645,3
645,0
642,2
642,0
639,2
637,4
637,2
635,4
635,1
634,3
634,1
633,3
633,0
632,2
631,4
631,1
630,3
630,0
629,1
628,2
627,2
625,3
625,0
3,1
0,572
0,555
1,1
1,3
1,0
628,5
628,1
0,350
628,0
0,330
2,1
0,322
2,3
0,243
2,0
0,9
0,239
0,419
0,362
0,238
0,460
0,418
0,237
0,562
0,389
0,236
0,505
0,359
0,235
0,528
0,329
0,234
0,456
0,459
0,233
0,506
0,358
0,232
0,574
0,357
0,231
0,466
0,356
0,230
0,571
0,355
0,229
0,382
0,354
0,228
0,415
0,353
0,227
0,552
0,390
0,226
0,504
0,352
0,225
0,454
0,471
0,224
0,527
0,468
0,223
0,502
0,349
0,222
0,334
0,453
0,221
0,551
0,407
0,220
0,451
0,348
0,219
0,441
0,347
0,218
0,519
0,346
0,217
0,499
0,455
0,216
0,450
0,406
0,215
0,448
0,343
0,214
0,498
0,342
0,213
0,501
0,341
0,212
0,340
0,211
0,452
0,339
0,210
0,550
0,338
0,209
0,428
0,337
0,208
0,422
0,336
0,207
0,446
0,475
0,206
0,549
0,335
0,205
0,443
0,525
0,204
0,442
0,507
0,203
0,361
0,332
0,202
0,539
0,439
0,201
0,463
0,526
0,200
0,484
0,331
0,199
0,438
0,458
0,198
0,437
0,547
0,197
0,465
0,328
0,196
0,497
0,516
0,195
0,524
0,568
0,194
0,447
0,327
0,193
0,556
0,326
0,192
0,319
0,325
0,63
0,431
0,324
0,62
0,430
0,323
0,61
0,333
0,321
0,60
0,543
0,427
0,59
0,490
0,320
0,58
0,426
0,482
0,57
0,425
0,542
0,56
0,481
0,317
0,55
0,397
0,496
0,54
0,565
0,424
0,53
0,444
0,316
0,52
0,436
0,315
0,51
0,369
0,314
0,50
0,540
0,313
0,49
0,569
0,312
0,48
0,523
0,311
0,47
0,449
0,309
0,46
0,318
0,306
0,45
0,515
0,301
0,6
0,5
0,1
0,11
0,4
0,2
0,3
0,7
