652,3
652,2
652,1
652,0
651,3
651,2
651,1
651,0
650,3
650,2
650,1
650,0
649,3
649,2
649,1
649,0
648,3
648,2
648,1
648,0
647,4
647,3
647,2
647,1
647,0
646,4
646,3
646,2
646,1
646,0
645,6
645,5
645,4
645,3
645,2
645,1
645,0
644,6
644,5
644,4
644,3
644,2
644,1
644,0
643,6
643,5
643,4
643,3
643,2
643,1
643,0
642,4
642,3
642,2
642,1
642,0
641,3
641,2
641,1
641,0
640,3
640,2
640,1
640,0
639,4
639,3
639,2
639,1
639,0
638,4
638,3
638,2
638,1
638,0
637,4
637,3
637,2
637,1
637,0
636,4
636,3
636,2
636,1
636,0
635,4
635,3
635,2
635,1
635,0
634,4
634,3
634,2
634,1
634,0
633,4
633,3
633,2
633,1
633,0
632,3
632,2
632,1
632,0
631,4
631,3
631,2
631,1
631,0
630,3
630,2
630,1
630,0
629,3
629,2
629,1
629,0
628,5
628,4
628,3
628,2
628,1
628,0
627,3
627,2
627,1
627,0
626,4
626,3
626,2
626,1
626,0
625,3
625,2
625,1
625,0
624,3
624,2
624,1
624,0
623,3
623,2
623,1
623,0
622,3
622,2
622,1
622,0
621,3
621,2
621,1
621,0
620,3
620,2
620,1
620,0
619,4
619,3
619,2
619,1
619,0
618,4
618,3
618,2
618,1
618,0
617,6
617,5
617,4
617,3
617,2
617,1
617,0
616,6
616,5
616,4
616,3
616,2
616,1
616,0
615,6
615,5
615,4
615,3
615,2
615,1
615,0
614,4
614,3
614,2
614,1
614,0
613,3
613,2
613,1
613,0
612,3
612,2
612,1
612,0
611,4
611,3
611,2
611,1
611,0
610,4
610,3
610,2
610,1
610,0
609,4
609,3
609,2
609,1
609,0
608,4
608,3
608,2
608,1
608,0
607,4
607,3
607,2
607,1
607,0
606,4
606,3
606,2
606,1
606,0
605,4
605,3
605,2
605,1
605,0
604,3
604,2
604,1
604,0
603,4
603,3
603,2
603,1
603,0
602,3
602,2
602,1
602,0
601,3
601,2
601,1
601,0
600,5
600,4
600,3
600,2
600,1
600,0
599,3
599,2
599,1
599,0
598,4
598,3
598,2
598,1
598,0
597,3
597,2
597,1
597,0
596,3
596,2
596,1
596,0
595,3
595,2
595,1
595,0
594,3
594,2
594,1
594,0
593,3
593,2
593,1
593,0
592,3
592,2
592,1
592,0
591,4
591,3
591,2
591,1
591,0
590,4
590,3
590,2
590,1
590,0
589,6
589,5
589,4
589,3
589,2
589,1
589,0
588,6
588,5
588,4
588,3
588,2
588,1
588,0
587,6
587,5
587,4
587,3
587,2
587,1
587,0
586,4
586,3
586,2
586,1
586,0
585,3
585,2
585,1
585,0
584,3
584,2
584,1
584,0
583,4
583,3
583,2
583,1
583,0
582,4
582,3
582,2
582,1
582,0
581,4
581,3
581,2
581,1
581,0
580,4
580,3
580,2
580,1
580,0
579,4
579,3
579,2
579,1
579,0
578,4
578,3
578,2
578,1
578,0
577,4
577,3
577,2
577,1
577,0
576,3
576,2
576,1
576,0
575,4
575,3
575,2
575,1
575,0
574,3
574,2
574,1
574,0
573,3
573,2
573,1
573,0
572,5
572,4
572,3
572,2
572,1
572,0
571,3
571,2
571,1
571,0
570,4
570,3
570,2
570,1
570,0
569,3
569,2
569,1
569,0
568,3
568,2
568,1
568,0
567,3
567,2
567,1
567,0
566,3
566,2
566,1
566,0
565,3
565,2
565,1
565,0
564,3
564,2
564,1
564,0
563,4
563,3
563,2
563,1
563,0
562,4
562,3
562,2
562,1
562,0
561,6
561,5
561,4
561,3
561,2
561,1
561,0
560,6
560,5
560,4
560,3
560,2
560,1
560,0
559,6
559,5
559,4
559,3
559,2
559,1
559,0
558,4
558,3
558,2
558,1
558,0
557,3
557,2
557,1
557,0
556,3
556,2
556,1
556,0
555,4
555,3
555,2
555,1
555,0
554,4
554,3
554,2
554,1
554,0
553,4
553,3
553,2
553,1
553,0
552,4
552,3
552,2
552,1
552,0
551,4
551,3
551,2
551,1
551,0
550,4
550,3
550,2
550,1
550,0
549,4
549,3
549,2
549,1
549,0
548,3
548,2
548,1
548,0
547,4
547,3
547,2
547,1
547,0
546,3
546,2
546,1
546,0
545,3
545,2
545,1
545,0
544,5
544,4
544,3
544,2
544,1
544,0
543,3
543,2
543,1
543,0
542,4
542,3
542,2
542,1
542,0
541,3
541,2
541,1
541,0
540,3
540,2
540,1
540,0
539,3
539,2
539,1
539,0
538,3
538,2
538,1
538,0
537,3
537,2
537,1
537,0
536,3
536,2
536,1
536,0
535,4
535,3
535,2
535,1
535,0
534,4
534,3
534,2
534,1
534,0
533,6
533,5
533,4
533,3
533,2
533,1
533,0
532,6
532,5
532,4
532,3
532,2
532,1
532,0
531,6
531,5
531,4
531,3
531,2
531,1
531,0
530,4
530,3
530,2
530,1
530,0
529,3
529,2
529,1
529,0
528,3
528,2
528,1
528,0
527,4
527,3
527,2
527,1
527,0
526,4
526,3
526,2
526,1
526,0
525,4
525,3
525,2
525,1
525,0
524,4
524,3
524,2
524,1
524,0
523,4
523,3
523,2
523,1
523,0
522,4
522,3
522,2
522,1
522,0
521,4
521,3
521,2
521,1
521,0
520,3
520,2
520,1
520,0
519,4
519,3
519,2
519,1
519,0
518,3
518,2
518,1
518,0
517,3
517,2
517,1
517,0
516,5
516,4
516,3
516,2
516,1
516,0
515,3
515,2
515,1
515,0
514,4
514,3
514,2
514,1
514,0
513,3
513,2
513,1
513,0
512,3
512,2
512,1
512,0
511,3
511,2
511,1
511,0
510,3
510,2
510,1
510,0
509,3
509,2
509,1
509,0
508,3
508,2
508,1
508,0
507,4
507,3
507,2
507,1
507,0
506,4
506,3
506,2
506,1
506,0
505,6
505,5
505,4
505,3
505,2
505,1
505,0
504,6
504,5
504,4
504,3
504,2
504,1
504,0
503,6
503,5
503,4
503,3
503,2
503,1
503,0
502,4
502,3
502,2
502,1
502,0
501,3
501,2
501,1
501,0
500,3
500,2
500,1
500,0
499,4
499,3
499,2
499,1
499,0
498,4
498,3
498,2
498,1
498,0
497,4
497,3
497,2
497,1
497,0
496,4
496,3
496,2
496,1
496,0
495,4
495,3
495,2
495,1
495,0
494,4
494,3
494,2
494,1
494,0
493,4
493,3
493,2
493,1
493,0
492,3
492,2
492,1
492,0
491,4
491,3
491,2
491,1
491,0
490,3
490,2
490,1
490,0
489,3
489,2
489,1
489,0
488,5
488,4
488,3
488,2
488,1
488,0
487,3
487,2
487,1
487,0
486,4
486,3
486,2
486,1
486,0
485,3
485,2
485,1
485,0
0,310
0,305
0,308
0,307
0,302
0,304
0,303
0,12
0,10
0,8
0,0
0,416
0,415
0,300
0,414
0,413
0,299
0,523
0,495
0,298
0,564
0,412
0,297
0,543
0,411
0,296
0,542
0,410
0,295
0,544
0,493
0,294
0,541
0,409
0,293
0,492
0,407
0,292
0,522
0,406
0,291
0,540
0,405
0,290
0,521
0,289
0,538
0,570
0,288
0,490
0,404
0,287
0,399
0,403
0,286
0,402
0,285
0,489
0,422
0,284
0,488
0,485
0,283
0,487
0,553
0,282
0,398
0,477
0,281
0,518
0,396
0,280
0,464
0,394
0,279
0,393
0,395
0,278
0,391
0,401
0,277
0,333
0,388
0,276
0,509
0,517
0,275
0,387
0,274
0,400
0,386
0,273
0,484
0,385
0,272
0,483
0,482
0,271
0,392
0,384
0,270
0,536
0,478
0,269
0,535
0,463
0,268
0,481
0,381
0,267
0,515
0,480
0,266
0,534
0,514
0,265
0,479
0,380
0,264
0,470
0,379
0,263
0,513
0,378
0,262
0,476
0,330
0,261
0,420
0,377
0,260
0,533
0,512
0,259
0,474
0,491
0,258
0,506
0,374
0,257
0,554
0,462
0,256
0,566
0,472
0,255
0,504
0,373
0,254
0,486
0,372
0,253
0,505
0,371
0,252
0,532
0,469
0,251
0,501
0,370
0,250
0,467
0,389
0,249
0,531
0,351
0,248
0,360
0,367
0,247
0,530
0,503
0,246
0,529
0,245
0,510
0,366
0,244
0,466
0,365
0,242
0,548
0,364
0,241
0,368
0,363
0,240
0,563
0,408
1,3
0,494
0,511
0,520
0,537
0,545
0,546
0,560
0,565
0,568
3,0
3,1
427,0
427,1
427,3
459,1
459,2
460,0
460,1
460,3
460,5
461,0
461,2
461,3
462,1
462,2
463,0
463,2
463,3
464,0
464,1
464,3
465,1
465,2
465,4
466,0
466,2
466,4
467,0
467,2
467,3
469,0
469,1
469,3
471,0
471,1
471,3
471,4
474,1
474,3
474,4
477,1
477,2
477,4
477,5
479,0
479,2
479,3
480,0
480,1
480,3
481,1
481,2
482,0
482,1
482,3
483,0
483,2
484,0
484,1
484,3
484,2
483,3
483,1
482,2
481,3
481,0
480,2
479,4
479,1
477,6
477,3
477,0
474,2
474,0
471,2
469,4
469,2
467,4
467,1
466,3
466,1
465,3
465,0
464,2
463,4
463,1
462,3
462,0
461,1
460,4
460,2
459,3
459,0
427,2
3,3
0,569
0,561
0,547
0,539
0,519
1,1
0,435
1,0
0,383
0,322
2,1
0,243
2,3
2,0
0,9
0,558
0,239
0,473
0,362
0,238
0,460
0,471
0,237
0,562
0,572
0,236
0,458
0,359
0,235
0,528
0,571
0,234
0,456
0,459
0,233
0,457
0,358
0,232
0,557
0,357
0,231
0,376
0,356
0,230
0,574
0,355
0,229
0,382
0,354
0,228
0,455
0,353
0,227
0,552
0,390
0,226
0,334
0,352
0,225
0,454
0,508
0,224
0,527
0,468
0,223
0,502
0,349
0,222
0,567
0,453
0,221
0,551
0,461
0,220
0,451
0,348
0,219
0,441
0,347
0,218
0,346
0,217
0,499
0,500
0,216
0,450
0,344
0,215
0,449
0,343
0,214
0,498
0,342
0,213
0,445
0,341
0,212
0,448
0,340
0,211
0,350
0,339
0,210
0,550
0,338
0,209
0,345
0,337
0,208
0,452
0,336
0,207
0,446
0,475
0,206
0,549
0,335
0,205
0,443
0,525
0,204
0,442
0,507
0,203
0,361
0,332
0,202
0,440
0,439
0,201
0,573
0,526
0,200
0,556
0,331
0,199
0,438
0,575
0,198
0,437
0,329
0,197
0,465
0,328
0,196
0,497
0,516
0,195
0,524
0,434
0,194
0,447
0,327
0,193
0,433
0,326
0,192
0,432
0,325
0,63
0,431
0,324
0,62
0,430
0,323
0,61
0,429
0,321
0,60
0,428
0,427
0,59
0,555
0,320
0,58
0,426
0,319
0,57
0,425
0,318
0,56
0,559
0,317
0,55
0,397
0,496
0,54
0,424
0,53
0,444
0,316
0,52
0,436
0,315
0,51
0,369
0,314
0,50
0,421
0,313
0,49
0,423
0,312
0,48
0,375
0,311
0,47
0,419
0,309
0,46
0,418
0,306
0,45
0,417
0,301
0,6
0,5
0,1
0,11
0,4
0,2
0,3
0,7
