0,310
0,305
0,308
0,307
0,302
0,304
0,303
0,12
0,10
0,8
0,0
0,416
0,462
0,300
0,414
0,413
0,299
0,345
0,495
0,298
0,563
0,412
0,297
0,568
0,411
0,296
0,430
0,410
0,295
0,419
0,493
0,294
0,542
0,409
0,293
0,492
0,417
0,292
0,522
0,541
0,291
0,375
0,405
0,290
0,574
0,521
0,289
0,538
0,440
0,288
0,344
0,404
0,287
0,334
0,403
0,286
0,402
0,285
0,489
0,484
0,284
0,488
0,283
0,487
0,407
0,282
0,398
0,369
0,281
0,518
0,396
0,280
0,508
0,394
0,279
0,393
0,401
0,278
0,391
0,540
0,277
0,491
0,388
0,276
0,507
0,517
0,275
0,330
0,387
0,274
0,485
0,386
0,273
0,539
0,385
0,272
0,483
0,482
0,271
0,361
0,384
0,270
0,536
0,269
0,535
0,400
0,268
0,397
0,381
0,267
0,515
0,480
0,266
0,534
0,506
0,265
0,498
0,380
0,264
0,415
0,379
0,263
0,406
0,378
0,262
0,476
0,433
0,261
0,537
0,377
0,260
0,533
0,392
0,259
0,474
0,479
0,258
0,395
0,374
0,257
0,554
0,547
0,256
0,562
0,461
0,255
0,458
0,373
0,254
0,372
0,253
0,570
0,371
0,252
0,532
0,469
0,251
0,452
0,370
0,250
0,467
0,464
0,249
0,531
0,523
0,248
0,329
0,367
0,247
0,530
0,520
0,246
0,529
0,431
0,245
0,434
0,366
0,244
0,448
0,365
0,242
0,558
0,364
0,241
0,376
0,363
0,240
0,561
0,368
0,239
0,445
462,3
462,1
0,455
0,463
1,0
0,468
0,475
1,1
0,503
0,519
0,573
3,0
3,3
459,1
459,2
461,0
461,1
461,3
462,4
463,0
463,2
463,3
464,1
464,2
465,0
465,2
465,3
466,0
466,1
466,3
467,1
467,2
467,4
468,0
468,2
468,4
469,0
469,2
469,3
471,0
471,1
471,3
473,0
473,1
473,3
473,4
476,1
476,3
476,4
479,1
479,2
479,4
479,5
481,0
481,2
481,3
482,0
482,1
482,3
484,1
484,2
484,4
485,0
485,2
485,3
485,1
484,3
484,0
482,2
481,4
481,1
479,6
479,3
479,0
476,2
476,0
473,2
471,4
471,2
469,4
469,1
468,3
468,1
467,3
467,0
466,2
465,4
465,1
464,3
464,0
463,1
462,2
461,2
459,3
459,0
3,1
0,572
0,494
1,3
0,466
462,5
0,451
0,449
462,0
0,408
2,1
0,322
2,3
0,319
0,243
2,0
0,9
0,350
0,362
0,238
0,460
0,423
0,237
0,564
0,566
0,236
0,516
0,359
0,235
0,528
0,553
0,234
0,436
0,459
0,233
0,435
0,358
0,232
0,472
0,357
0,231
0,550
0,356
0,230
0,360
0,355
0,229
0,559
0,354
0,228
0,502
0,353
0,227
0,552
0,456
0,226
0,556
0,352
0,225
0,454
0,351
0,224
0,527
0,420
0,223
0,501
0,349
0,222
0,514
0,453
0,221
0,551
0,511
0,220
0,399
0,348
0,219
0,333
0,347
0,218
0,575
0,346
0,217
0,499
0,432
0,216
0,450
0,510
0,215
0,383
0,343
0,214
0,505
0,342
0,213
0,549
0,341
0,212
0,429
0,340
0,211
0,504
0,339
0,210
0,490
0,338
0,209
0,509
0,337
0,208
0,421
0,336
0,207
0,446
0,569
0,206
0,513
0,335
0,205
0,443
0,457
0,204
0,442
0,560
0,203
0,512
0,332
0,202
0,447
0,439
0,201
0,557
0,526
0,200
0,525
0,331
0,199
0,438
0,571
0,198
0,437
0,473
0,197
0,418
0,328
0,196
0,497
0,481
0,195
0,524
0,545
0,194
0,486
0,327
0,193
0,478
0,326
0,192
0,555
0,325
0,63
0,548
0,324
0,62
0,444
0,323
0,61
0,390
0,321
0,60
0,428
0,427
0,59
0,500
0,320
0,58
0,426
0,543
0,57
0,318
0,425
0,56
0,544
0,317
0,55
0,565
0,496
0,54
0,546
0,424
0,53
0,471
0,316
0,52
0,470
0,315
0,51
0,422
0,314
0,50
0,389
0,313
0,49
0,465
0,312
0,48
0,567
0,311
0,47
0,441
0,309
0,46
0,477
0,306
0,45
0,382
0,301
0,6
0,5
0,1
0,11
0,4
0,2
0,3
0,7
