0,575
0,574
0,573
0,572
0,571
213,3
213,2
213,1
213,0
212,4
212,3
212,2
212,1
212,0
211,4
211,3
211,2
211,1
211,0
210,6
210,5
210,4
210,3
210,2
210,1
210,0
209,6
209,5
209,4
209,3
209,2
209,1
209,0
208,6
208,5
208,4
208,3
208,2
208,1
208,0
207,4
207,3
207,2
207,1
207,0
206,3
206,2
206,1
206,0
205,3
205,2
205,1
205,0
204,4
204,3
204,2
204,1
204,0
203,4
203,3
203,2
203,1
203,0
0,570
202,4
202,3
202,2
202,1
202,0
0,569
201,4
201,3
201,2
201,1
201,0
200,4
200,3
200,2
200,1
200,0
199,4
199,3
199,2
199,1
199,0
198,4
198,3
198,2
198,1
198,0
197,3
197,2
197,1
197,0
196,4
196,3
196,2
196,1
196,0
195,3
195,2
195,1
195,0
194,3
194,2
194,1
194,0
193,5
193,4
193,3
193,2
193,1
193,0
192,3
192,2
192,1
192,0
191,4
191,3
191,2
191,1
191,0
190,3
190,2
190,1
190,0
189,3
189,2
189,1
189,0
188,4
188,3
188,2
188,1
188,0
187,4
187,3
187,2
187,1
187,0
186,6
186,5
186,4
186,3
186,2
186,1
186,0
185,6
185,5
185,4
185,3
185,2
185,1
185,0
184,6
184,5
184,4
184,3
184,2
184,1
184,0
183,4
183,3
183,2
183,1
183,0
182,3
182,2
182,1
182,0
181,3
181,2
181,1
181,0
180,4
180,3
180,2
180,1
180,0
179,4
179,3
179,2
179,1
179,0
178,4
178,3
178,2
178,1
178,0
177,4
177,3
177,2
177,1
177,0
176,4
176,3
176,2
176,1
176,0
175,4
175,3
175,2
175,1
175,0
174,4
174,3
174,2
174,1
174,0
173,3
173,2
173,1
173,0
172,4
172,3
172,2
172,1
172,0
171,3
171,2
171,1
171,0
170,3
170,2
170,1
170,0
169,5
169,4
169,3
169,2
169,1
169,0
168,3
168,2
168,1
168,0
167,4
167,3
167,2
167,1
167,0
166,3
166,2
166,1
166,0
165,3
165,2
165,1
165,0
0,310
0,305
0,308
0,307
0,302
0,304
0,303
0,12
0,10
0,8
0,0
0,415
0,414
0,300
0,413
0,412
0,299
0,521
0,495
0,298
0,493
0,411
0,297
0,496
0,410
0,296
0,491
0,409
0,295
0,563
0,490
0,294
0,492
0,407
0,293
0,520
0,406
0,292
0,560
0,405
0,291
0,543
0,404
0,290
0,550
0,519
0,289
0,542
0,518
0,288
0,541
0,403
0,287
0,489
0,402
0,286
0,488
0,401
0,285
0,487
0,399
0,284
0,486
0,398
0,283
0,485
0,400
0,282
0,556
0,397
0,281
0,555
0,396
0,280
0,395
0,394
0,279
0,393
0,392
0,278
0,391
0,390
0,277
0,389
0,388
0,276
0,554
0,540
0,275
0,484
0,387
0,274
0,483
0,386
0,273
0,482
0,385
0,272
0,481
0,480
0,271
0,549
0,384
0,270
0,539
0,383
0,269
0,517
0,382
0,268
0,479
0,381
0,267
0,516
0,478
0,266
0,548
0,515
0,265
0,477
0,380
0,264
0,476
0,379
0,263
0,475
0,378
0,262
0,474
0,473
0,261
0,514
0,377
0,260
0,564
0,376
0,259
0,472
0,375
0,258
0,562
0,374
0,257
0,553
0,471
0,256
0,513
0,470
0,255
0,547
0,373
0,254
0,469
0,372
0,253
0,468
0,371
0,252
0,538
0,467
0,251
0,466
0,370
0,250
0,465
0,369
0,249
0,512
0,368
0,248
0,559
0,367
0,247
0,546
0,511
0,246
0,510
0,464
0,245
0,536
0,366
0,244
0,537
0,365
0,242
0,463
0,364
0,241
0,462
0,363
0,240
0,535
0,461
0,239
0,460
3,0
3,1
145,3
142,0
142,1
142,2
142,3
144,0
144,2
145,2
145,4
146,1
146,2
147,0
147,2
147,3
148,1
148,2
148,4
149,0
149,2
150,0
150,1
150,3
150,4
151,1
151,3
151,4
152,1
152,2
152,4
154,1
154,2
154,4
156,0
156,2
156,3
159,0
159,2
159,3
162,0
162,1
162,3
162,5
162,6
164,1
164,2
164,4
164,3
164,0
162,4
162,2
159,4
159,1
156,4
156,1
154,3
154,0
152,3
152,0
151,2
151,0
150,2
149,3
149,1
148,3
148,0
147,1
146,3
146,0
144,3
144,1
145,5
145,1
3,3
145,0
1,3
1,1
1,0
0,494
0,427
2,1
2,3
0,408
0,322
2,0
0,243
0,9
0,362
0,238
0,459
0,361
0,237
0,534
0,360
0,236
0,558
0,359
0,235
0,557
0,509
0,234
0,508
0,458
0,233
0,457
0,358
0,232
0,456
0,357
0,231
0,532
0,356
0,230
0,531
0,355
0,229
0,533
0,354
0,228
0,530
0,353
0,227
0,507
0,455
0,226
0,454
0,352
0,225
0,453
0,351
0,224
0,506
0,350
0,223
0,529
0,349
0,222
0,566
0,452
0,221
0,528
0,451
0,220
0,450
0,348
0,219
0,552
0,347
0,218
0,561
0,346
0,217
0,527
0,345
0,216
0,449
0,344
0,215
0,565
0,343
0,214
0,525
0,342
0,213
0,524
0,341
0,212
0,526
0,340
0,211
0,523
0,339
0,210
0,447
0,338
0,209
0,446
0,337
0,208
0,448
0,336
0,207
0,445
0,444
0,206
0,443
0,335
0,205
0,442
0,334
0,204
0,441
0,333
0,203
0,440
0,332
0,202
0,439
0,438
0,201
0,545
0,505
0,200
0,504
0,331
0,199
0,437
0,330
0,198
0,436
0,329
0,197
0,503
0,328
0,196
0,551
0,434
0,195
0,544
0,433
0,194
0,435
0,327
0,193
0,432
0,326
0,192
0,431
0,325
0,63
0,430
0,324
0,62
0,429
0,323
0,61
0,428
0,321
0,60
0,568
0,426
0,59
0,502
0,320
0,58
0,425
0,319
0,57
0,424
0,318
0,56
0,500
0,317
0,55
0,522
0,501
0,54
0,498
0,423
0,53
0,497
0,316
0,52
0,499
0,315
0,51
0,421
0,567
0,314
0,50
0,420
0,313
0,49
0,422
0,312
0,48
0,419
0,311
0,47
0,418
0,309
0,46
0,417
0,306
0,45
0,416
0,301
0,6
0,5
0,1
0,11
0,4
0,2
0,3
0,7
